0.797981634794 0.668689632244
0.551357527388 0.231286364692
0.969909988982 0.855848360013
0.468810411761 0.769380324965
0.63662749592 0.0426381966163
0.735324138279 0.843157800352
0.932235842017 0.250800035273
0.822903569712 0.881591300113
0.478369201775 0.411148201709
0.657711325582 0.281355470183
0.2908501744 0.207753887188
0.648248371092 0.884514817612
0.283295608603 0.888826657324
0.685492064779 0.306222133803
0.639270880472 0.684658015708
0.920707426499 0.215221689281
0.786629351562 0.73432049142
0.946912711421 0.64692650497
0.210476036149 0.0470652742375
0.363627309376 0.837323441613
0.865073998287 0.434645715588
0.206441281727 0.0400770343627
0.330697853523 0.887394972165
0.372842071837 0.0244385026524
0.991921580682 0.884530892688
0.599147344486 0.971120386125
0.233561194743 0.0679364763423
0.434304170163 0.9353411077
0.30733331338 0.516487784995
0.291126431896 0.0654507798872
